
DETflux_serpent = [
    1    1    1    1     1     1     1    1    1    1  5.70484E-05 0.00960 
    2    2    1    1     1     1     1    1    1    1  9.93383E-05 0.00854 
    3    3    1    1     1     1     1    1    1    1  1.39850E-04 0.00784 
    4    4    1    1     1     1     1    1    1    1  3.10496E-04 0.00586 
    5    5    1    1     1     1     1    1    1    1  7.16037E-04 0.00427 
    6    6    1    1     1     1     1    1    1    1  9.47391E-04 0.00406 
    7    7    1    1     1     1     1    1    1    1  1.15262E-03 0.00402 
    8    8    1    1     1     1     1    1    1    1  1.33309E-03 0.00382 
    9    9    1    1     1     1     1    1    1    1  1.48981E-03 0.00365 
   10   10    1    1     1     1     1    1    1    1  2.31476E-03 0.00316 
   11   11    1    1     1     1     1    1    1    1  2.89931E-03 0.00295 
   12   12    1    1     1     1     1    1    1    1  3.13057E-03 0.00302 
   13   13    1    1     1     1     1    1    1    1  3.70506E-03 0.00300 
   14   14    1    1     1     1     1    1    1    1  4.26166E-03 0.00280 
   15   15    1    1     1     1     1    1    1    1  1.29811E-03 0.00434 
   16   16    1    1     1     1     1    1    1    1  6.53866E-03 0.00239 
   17   17    1    1     1     1     1    1    1    1  2.17881E-03 0.00359 
   18   18    1    1     1     1     1    1    1    1  6.47233E-03 0.00252 
   19   19    1    1     1     1     1    1    1    1  7.85292E-03 0.00234 
   20   20    1    1     1     1     1    1    1    1  2.38107E-03 0.00365 
   21   21    1    1     1     1     1    1    1    1  7.52292E-03 0.00247 
   22   22    1    1     1     1     1    1    1    1  6.87971E-03 0.00245 
   23   23    1    1     1     1     1    1    1    1  2.86675E-03 0.00344 
   24   24    1    1     1     1     1    1    1    1  8.79431E-03 0.00233 
   25   25    1    1     1     1     1    1    1    1  6.65555E-03 0.00254 
   26   26    1    1     1     1     1    1    1    1  6.31371E-03 0.00270 
   27   27    1    1     1     1     1    1    1    1  3.36488E-03 0.00334 
   28   28    1    1     1     1     1    1    1    1  2.19907E-03 0.00396 
   29   29    1    1     1     1     1    1    1    1  7.98596E-04 0.00632 
   30   30    1    1     1     1     1    1    1    1  3.92453E-03 0.00312 
   31   31    1    1     1     1     1    1    1    1  4.48880E-03 0.00298 
   32   32    1    1     1     1     1    1    1    1  8.62605E-04 0.00609 
   33   33    1    1     1     1     1    1    1    1  2.87701E-03 0.00364 
   34   34    1    1     1     1     1    1    1    1  3.78008E-03 0.00336 
   35   35    1    1     1     1     1    1    1    1  9.62412E-04 0.00600 
   36   36    1    1     1     1     1    1    1    1  2.30050E-03 0.00398 
   37   37    1    1     1     1     1    1    1    1  4.04918E-03 0.00333 
   38   38    1    1     1     1     1    1    1    1  3.09890E-03 0.00361 
   39   39    1    1     1     1     1    1    1    1  2.48381E-03 0.00402 
   40   40    1    1     1     1     1    1    1    1  3.07733E-04 0.01006 
   41   41    1    1     1     1     1    1    1    1  1.74847E-03 0.00458 
   42   42    1    1     1     1     1    1    1    1  2.78568E-04 0.01093 
   43   43    1    1     1     1     1    1    1    1  1.33212E-03 0.00542 
   44   44    1    1     1     1     1    1    1    1  5.02907E-04 0.00858 
   45   45    1    1     1     1     1    1    1    1  4.95420E-04 0.00816 
   46   46    1    1     1     1     1    1    1    1  5.27980E-04 0.00772 
   47   47    1    1     1     1     1    1    1    1  3.32075E-04 0.01022 
   48   48    1    1     1     1     1    1    1    1  2.32482E-04 0.01194 
   49   49    1    1     1     1     1    1    1    1  5.42013E-04 0.00790 
   50   50    1    1     1     1     1    1    1    1  3.31826E-04 0.00972 
   51   51    1    1     1     1     1    1    1    1  2.16731E-04 0.01255 
   52   52    1    1     1     1     1    1    1    1  5.55515E-04 0.00780 
   53   53    1    1     1     1     1    1    1    1  5.38161E-04 0.00753 
   54   54    1    1     1     1     1    1    1    1  2.61523E-04 0.01134 
   55   55    1    1     1     1     1    1    1    1  3.04814E-04 0.01008 
   56   56    1    1     1     1     1    1    1    1  4.83228E-04 0.00857 
   57   57    1    1     1     1     1    1    1    1  3.80001E-04 0.00889 
   58   58    1    1     1     1     1    1    1    1  1.22834E-03 0.00567 
   59   59    1    1     1     1     1    1    1    1  1.17648E-03 0.00555 
   60   60    1    1     1     1     1    1    1    1  6.61897E-04 0.00719 
   61   61    1    1     1     1     1    1    1    1  5.53285E-04 0.00812 
   62   62    1    1     1     1     1    1    1    1  1.23708E-03 0.00578 
   63   63    1    1     1     1     1    1    1    1  4.86052E-04 0.00870 
   64   64    1    1     1     1     1    1    1    1  3.85812E-04 0.00925 
   65   65    1    1     1     1     1    1    1    1  1.34662E-03 0.00557 
   66   66    1    1     1     1     1    1    1    1  1.12399E-03 0.00615 
   67   67    1    1     1     1     1    1    1    1  1.14436E-03 0.00585 
   68   68    1    1     1     1     1    1    1    1  1.09283E-03 0.00618 
   69   69    1    1     1     1     1    1    1    1  1.09808E-03 0.00594 
   70   70    1    1     1     1     1    1    1    1  1.02228E-03 0.00638 
   71   71    1    1     1     1     1    1    1    1  8.70491E-04 0.00663 
   72   72    1    1     1     1     1    1    1    1  3.21500E-04 0.01010 
   73   73    1    1     1     1     1    1    1    1  2.34406E-03 0.00433 
   74   74    1    1     1     1     1    1    1    1  1.77097E-03 0.00474 
   75   75    1    1     1     1     1    1    1    1  4.42239E-04 0.00906 
   76   76    1    1     1     1     1    1    1    1  1.02153E-03 0.00627 
   77   77    1    1     1     1     1    1    1    1  4.01415E-04 0.00973 
   78   78    1    1     1     1     1    1    1    1  3.94859E-03 0.00331 
   79   79    1    1     1     1     1    1    1    1  5.51694E-04 0.00828 
   80   80    1    1     1     1     1    1    1    1  3.75668E-03 0.00336 
   81   81    1    1     1     1     1    1    1    1  7.17210E-04 0.00733 
   82   82    1    1     1     1     1    1    1    1  4.45519E-03 0.00322 
   83   83    1    1     1     1     1    1    1    1  1.28579E-03 0.00563 
   84   84    1    1     1     1     1    1    1    1  2.93851E-03 0.00377 
   85   85    1    1     1     1     1    1    1    1  2.60057E-03 0.00352 
   86   86    1    1     1     1     1    1    1    1  2.48818E-03 0.00426 
   87   87    1    1     1     1     1    1    1    1  2.29055E-03 0.00394 
   88   88    1    1     1     1     1    1    1    1  1.91502E-03 0.00447 
   89   89    1    1     1     1     1    1    1    1  3.23564E-03 0.00343 
   90   90    1    1     1     1     1    1    1    1  5.00335E-03 0.00291 
   91   91    1    1     1     1     1    1    1    1  3.90840E-03 0.00338 
   92   92    1    1     1     1     1    1    1    1  4.97920E-03 0.00288 
   93   93    1    1     1     1     1    1    1    1  2.80049E-03 0.00349 
   94   94    1    1     1     1     1    1    1    1  2.70528E-03 0.00393 
   95   95    1    1     1     1     1    1    1    1  2.82542E-03 0.00382 
   96   96    1    1     1     1     1    1    1    1  2.84987E-03 0.00380 
   97   97    1    1     1     1     1    1    1    1  2.73964E-03 0.00363 
   98   98    1    1     1     1     1    1    1    1  1.98975E-03 0.00393 
   99   99    1    1     1     1     1    1    1    1  1.95523E-03 0.00450 
  100  100    1    1     1     1     1    1    1    1  3.70986E-03 0.00343 
  101  101    1    1     1     1     1    1    1    1  1.76074E-03 0.00488 
  102  102    1    1     1     1     1    1    1    1  1.97287E-03 0.00458 
  103  103    1    1     1     1     1    1    1    1  2.24453E-03 0.00446 
  104  104    1    1     1     1     1    1    1    1  5.60309E-03 0.00278 
