
DETflux_serpent = [
    1    1    1    1     1     1     1    1    1    1  9.49337E-04 0.00929 
    2    2    1    1     1     1     1    1    1    1  1.63176E-03 0.00799 
    3    3    1    1     1     1     1    1    1    1  2.28603E-03 0.00764 
    4    4    1    1     1     1     1    1    1    1  5.15558E-03 0.00547 
    5    5    1    1     1     1     1    1    1    1  1.17131E-02 0.00433 
    6    6    1    1     1     1     1    1    1    1  1.55297E-02 0.00384 
    7    7    1    1     1     1     1    1    1    1  1.88959E-02 0.00382 
    8    8    1    1     1     1     1    1    1    1  2.18166E-02 0.00362 
    9    9    1    1     1     1     1    1    1    1  2.43635E-02 0.00355 
   10   10    1    1     1     1     1    1    1    1  3.80096E-02 0.00293 
   11   11    1    1     1     1     1    1    1    1  4.75767E-02 0.00282 
   12   12    1    1     1     1     1    1    1    1  5.11714E-02 0.00287 
   13   13    1    1     1     1     1    1    1    1  6.06664E-02 0.00258 
   14   14    1    1     1     1     1    1    1    1  6.98180E-02 0.00255 
   15   15    1    1     1     1     1    1    1    1  2.13654E-02 0.00427 
   16   16    1    1     1     1     1    1    1    1  1.07921E-01 0.00215 
   17   17    1    1     1     1     1    1    1    1  3.56700E-02 0.00323 
   18   18    1    1     1     1     1    1    1    1  1.05637E-01 0.00229 
   19   19    1    1     1     1     1    1    1    1  1.28634E-01 0.00203 
   20   20    1    1     1     1     1    1    1    1  3.90429E-02 0.00335 
   21   21    1    1     1     1     1    1    1    1  1.23738E-01 0.00216 
   22   22    1    1     1     1     1    1    1    1  1.12688E-01 0.00226 
   23   23    1    1     1     1     1    1    1    1  4.68767E-02 0.00313 
   24   24    1    1     1     1     1    1    1    1  1.44690E-01 0.00211 
   25   25    1    1     1     1     1    1    1    1  1.09187E-01 0.00242 
   26   26    1    1     1     1     1    1    1    1  1.03459E-01 0.00239 
   27   27    1    1     1     1     1    1    1    1  5.50799E-02 0.00315 
   28   28    1    1     1     1     1    1    1    1  3.62532E-02 0.00363 
   29   29    1    1     1     1     1    1    1    1  1.29865E-02 0.00598 
   30   30    1    1     1     1     1    1    1    1  6.46922E-02 0.00309 
   31   31    1    1     1     1     1    1    1    1  7.36524E-02 0.00311 
   32   32    1    1     1     1     1    1    1    1  1.43784E-02 0.00605 
   33   33    1    1     1     1     1    1    1    1  4.74673E-02 0.00353 
   34   34    1    1     1     1     1    1    1    1  6.26454E-02 0.00328 
   35   35    1    1     1     1     1    1    1    1  1.55854E-02 0.00587 
   36   36    1    1     1     1     1    1    1    1  3.78024E-02 0.00404 
   37   37    1    1     1     1     1    1    1    1  6.63209E-02 0.00337 
   38   38    1    1     1     1     1    1    1    1  5.08701E-02 0.00383 
   39   39    1    1     1     1     1    1    1    1  4.09371E-02 0.00418 
   40   40    1    1     1     1     1    1    1    1  5.05417E-03 0.01028 
   41   41    1    1     1     1     1    1    1    1  2.86569E-02 0.00478 
   42   42    1    1     1     1     1    1    1    1  4.55600E-03 0.01086 
   43   43    1    1     1     1     1    1    1    1  2.17549E-02 0.00527 
   44   44    1    1     1     1     1    1    1    1  8.26427E-03 0.00856 
   45   45    1    1     1     1     1    1    1    1  8.04795E-03 0.00823 
   46   46    1    1     1     1     1    1    1    1  8.61251E-03 0.00797 
   47   47    1    1     1     1     1    1    1    1  5.43239E-03 0.01024 
   48   48    1    1     1     1     1    1    1    1  3.89962E-03 0.01165 
   49   49    1    1     1     1     1    1    1    1  8.79511E-03 0.00818 
   50   50    1    1     1     1     1    1    1    1  5.51744E-03 0.00979 
   51   51    1    1     1     1     1    1    1    1  3.59639E-03 0.01193 
   52   52    1    1     1     1     1    1    1    1  9.03737E-03 0.00792 
   53   53    1    1     1     1     1    1    1    1  8.85081E-03 0.00777 
   54   54    1    1     1     1     1    1    1    1  4.27878E-03 0.01137 
   55   55    1    1     1     1     1    1    1    1  5.05585E-03 0.01044 
   56   56    1    1     1     1     1    1    1    1  7.89965E-03 0.00803 
   57   57    1    1     1     1     1    1    1    1  6.35659E-03 0.00935 
   58   58    1    1     1     1     1    1    1    1  2.01062E-02 0.00556 
   59   59    1    1     1     1     1    1    1    1  1.95790E-02 0.00556 
   60   60    1    1     1     1     1    1    1    1  1.08316E-02 0.00736 
   61   61    1    1     1     1     1    1    1    1  9.10627E-03 0.00803 
   62   62    1    1     1     1     1    1    1    1  2.01938E-02 0.00576 
   63   63    1    1     1     1     1    1    1    1  7.71659E-03 0.00869 
   64   64    1    1     1     1     1    1    1    1  6.32045E-03 0.00970 
   65   65    1    1     1     1     1    1    1    1  2.22645E-02 0.00542 
   66   66    1    1     1     1     1    1    1    1  1.87523E-02 0.00593 
   67   67    1    1     1     1     1    1    1    1  1.88319E-02 0.00584 
   68   68    1    1     1     1     1    1    1    1  1.75692E-02 0.00612 
   69   69    1    1     1     1     1    1    1    1  1.80839E-02 0.00574 
   70   70    1    1     1     1     1    1    1    1  1.69637E-02 0.00590 
   71   71    1    1     1     1     1    1    1    1  1.42705E-02 0.00642 
   72   72    1    1     1     1     1    1    1    1  5.39855E-03 0.01005 
   73   73    1    1     1     1     1    1    1    1  3.85703E-02 0.00423 
   74   74    1    1     1     1     1    1    1    1  2.90770E-02 0.00503 
   75   75    1    1     1     1     1    1    1    1  7.34209E-03 0.00932 
   76   76    1    1     1     1     1    1    1    1  1.69801E-02 0.00608 
   77   77    1    1     1     1     1    1    1    1  6.52036E-03 0.00950 
   78   78    1    1     1     1     1    1    1    1  6.49955E-02 0.00338 
   79   79    1    1     1     1     1    1    1    1  8.95728E-03 0.00826 
   80   80    1    1     1     1     1    1    1    1  6.19586E-02 0.00342 
   81   81    1    1     1     1     1    1    1    1  1.19229E-02 0.00753 
   82   82    1    1     1     1     1    1    1    1  7.33571E-02 0.00319 
   83   83    1    1     1     1     1    1    1    1  2.09560E-02 0.00556 
   84   84    1    1     1     1     1    1    1    1  4.81432E-02 0.00378 
   85   85    1    1     1     1     1    1    1    1  4.28721E-02 0.00348 
   86   86    1    1     1     1     1    1    1    1  4.09203E-02 0.00410 
   87   87    1    1     1     1     1    1    1    1  3.74872E-02 0.00401 
   88   88    1    1     1     1     1    1    1    1  3.12221E-02 0.00475 
   89   89    1    1     1     1     1    1    1    1  5.29742E-02 0.00368 
   90   90    1    1     1     1     1    1    1    1  8.18959E-02 0.00301 
   91   91    1    1     1     1     1    1    1    1  6.42654E-02 0.00322 
   92   92    1    1     1     1     1    1    1    1  8.16768E-02 0.00291 
   93   93    1    1     1     1     1    1    1    1  4.58570E-02 0.00352 
   94   94    1    1     1     1     1    1    1    1  4.44249E-02 0.00382 
   95   95    1    1     1     1     1    1    1    1  4.62392E-02 0.00387 
   96   96    1    1     1     1     1    1    1    1  4.60615E-02 0.00394 
   97   97    1    1     1     1     1    1    1    1  4.52557E-02 0.00389 
   98   98    1    1     1     1     1    1    1    1  3.26787E-02 0.00403 
   99   99    1    1     1     1     1    1    1    1  3.20174E-02 0.00455 
  100  100    1    1     1     1     1    1    1    1  6.08203E-02 0.00338 
  101  101    1    1     1     1     1    1    1    1  2.88186E-02 0.00485 
  102  102    1    1     1     1     1    1    1    1  3.25918E-02 0.00449 
  103  103    1    1     1     1     1    1    1    1  3.65703E-02 0.00404 
  104  104    1    1     1     1     1    1    1    1  9.21878E-02 0.00271 
