
DETflux_serpent = [
    1    1    1    1     1     1     1    1    1    1  5.55519E-05 0.03072 
    2    2    1    1     1     1     1    1    1    1  9.89561E-05 0.02606 
    3    3    1    1     1     1     1    1    1    1  1.37106E-04 0.02348 
    4    4    1    1     1     1     1    1    1    1  3.06079E-04 0.01672 
    5    5    1    1     1     1     1    1    1    1  6.99900E-04 0.01557 
    6    6    1    1     1     1     1    1    1    1  9.29868E-04 0.01151 
    7    7    1    1     1     1     1    1    1    1  1.16537E-03 0.00951 
    8    8    1    1     1     1     1    1    1    1  1.32972E-03 0.01115 
    9    9    1    1     1     1     1    1    1    1  1.48674E-03 0.01170 
   10   10    1    1     1     1     1    1    1    1  2.30941E-03 0.01029 
   11   11    1    1     1     1     1    1    1    1  2.84379E-03 0.00947 
   12   12    1    1     1     1     1    1    1    1  3.06514E-03 0.00853 
   13   13    1    1     1     1     1    1    1    1  3.65245E-03 0.00958 
   14   14    1    1     1     1     1    1    1    1  4.24151E-03 0.00892 
   15   15    1    1     1     1     1    1    1    1  1.23793E-03 0.01379 
   16   16    1    1     1     1     1    1    1    1  6.55306E-03 0.00741 
   17   17    1    1     1     1     1    1    1    1  2.12971E-03 0.01134 
   18   18    1    1     1     1     1    1    1    1  6.38178E-03 0.00843 
   19   19    1    1     1     1     1    1    1    1  7.78646E-03 0.00875 
   20   20    1    1     1     1     1    1    1    1  2.32161E-03 0.01207 
   21   21    1    1     1     1     1    1    1    1  7.38577E-03 0.00761 
   22   22    1    1     1     1     1    1    1    1  6.89291E-03 0.00782 
   23   23    1    1     1     1     1    1    1    1  2.85412E-03 0.00987 
   24   24    1    1     1     1     1    1    1    1  8.80066E-03 0.00769 
   25   25    1    1     1     1     1    1    1    1  6.61250E-03 0.00969 
   26   26    1    1     1     1     1    1    1    1  6.30643E-03 0.00813 
   27   27    1    1     1     1     1    1    1    1  3.31139E-03 0.01008 
   28   28    1    1     1     1     1    1    1    1  2.18516E-03 0.01222 
   29   29    1    1     1     1     1    1    1    1  7.85920E-04 0.02038 
   30   30    1    1     1     1     1    1    1    1  3.93329E-03 0.01016 
   31   31    1    1     1     1     1    1    1    1  4.44932E-03 0.00996 
   32   32    1    1     1     1     1    1    1    1  8.37785E-04 0.01953 
   33   33    1    1     1     1     1    1    1    1  2.88473E-03 0.01057 
   34   34    1    1     1     1     1    1    1    1  3.83511E-03 0.01083 
   35   35    1    1     1     1     1    1    1    1  9.76247E-04 0.01736 
   36   36    1    1     1     1     1    1    1    1  2.34051E-03 0.01402 
   37   37    1    1     1     1     1    1    1    1  4.05912E-03 0.01143 
   38   38    1    1     1     1     1    1    1    1  3.10416E-03 0.01130 
   39   39    1    1     1     1     1    1    1    1  2.50490E-03 0.01338 
   40   40    1    1     1     1     1    1    1    1  3.05930E-04 0.02999 
   41   41    1    1     1     1     1    1    1    1  1.73904E-03 0.01368 
   42   42    1    1     1     1     1    1    1    1  2.80935E-04 0.03591 
   43   43    1    1     1     1     1    1    1    1  1.34562E-03 0.01640 
   44   44    1    1     1     1     1    1    1    1  5.03873E-04 0.02346 
   45   45    1    1     1     1     1    1    1    1  4.86275E-04 0.02617 
   46   46    1    1     1     1     1    1    1    1  5.25149E-04 0.02398 
   47   47    1    1     1     1     1    1    1    1  3.29757E-04 0.03051 
   48   48    1    1     1     1     1    1    1    1  2.24758E-04 0.04312 
   49   49    1    1     1     1     1    1    1    1  5.39073E-04 0.02798 
   50   50    1    1     1     1     1    1    1    1  3.43919E-04 0.03135 
   51   51    1    1     1     1     1    1    1    1  2.04409E-04 0.03625 
   52   52    1    1     1     1     1    1    1    1  5.37530E-04 0.02696 
   53   53    1    1     1     1     1    1    1    1  5.07200E-04 0.02700 
   54   54    1    1     1     1     1    1    1    1  2.56708E-04 0.03569 
   55   55    1    1     1     1     1    1    1    1  3.02473E-04 0.03498 
   56   56    1    1     1     1     1    1    1    1  4.90466E-04 0.02652 
   57   57    1    1     1     1     1    1    1    1  3.61392E-04 0.03009 
   58   58    1    1     1     1     1    1    1    1  1.20602E-03 0.01907 
   59   59    1    1     1     1     1    1    1    1  1.14973E-03 0.01418 
   60   60    1    1     1     1     1    1    1    1  6.72052E-04 0.02437 
   61   61    1    1     1     1     1    1    1    1  5.83379E-04 0.02509 
   62   62    1    1     1     1     1    1    1    1  1.25764E-03 0.01662 
   63   63    1    1     1     1     1    1    1    1  4.67985E-04 0.02517 
   64   64    1    1     1     1     1    1    1    1  3.87259E-04 0.03140 
   65   65    1    1     1     1     1    1    1    1  1.36303E-03 0.01686 
   66   66    1    1     1     1     1    1    1    1  1.10853E-03 0.01733 
   67   67    1    1     1     1     1    1    1    1  1.12009E-03 0.01910 
   68   68    1    1     1     1     1    1    1    1  1.07005E-03 0.01772 
   69   69    1    1     1     1     1    1    1    1  1.07232E-03 0.01822 
   70   70    1    1     1     1     1    1    1    1  1.02476E-03 0.01954 
   71   71    1    1     1     1     1    1    1    1  8.65086E-04 0.01862 
   72   72    1    1     1     1     1    1    1    1  3.28230E-04 0.03136 
   73   73    1    1     1     1     1    1    1    1  2.28575E-03 0.01305 
   74   74    1    1     1     1     1    1    1    1  1.79928E-03 0.01576 
   75   75    1    1     1     1     1    1    1    1  4.56708E-04 0.03063 
   76   76    1    1     1     1     1    1    1    1  1.01058E-03 0.01600 
   77   77    1    1     1     1     1    1    1    1  3.88495E-04 0.02850 
   78   78    1    1     1     1     1    1    1    1  3.91967E-03 0.01009 
   79   79    1    1     1     1     1    1    1    1  5.36622E-04 0.02712 
   80   80    1    1     1     1     1    1    1    1  3.72772E-03 0.01152 
   81   81    1    1     1     1     1    1    1    1  7.38662E-04 0.02332 
   82   82    1    1     1     1     1    1    1    1  4.44718E-03 0.01120 
   83   83    1    1     1     1     1    1    1    1  1.26443E-03 0.01792 
   84   84    1    1     1     1     1    1    1    1  2.92037E-03 0.01109 
   85   85    1    1     1     1     1    1    1    1  2.63593E-03 0.01202 
   86   86    1    1     1     1     1    1    1    1  2.50387E-03 0.01367 
   87   87    1    1     1     1     1    1    1    1  2.24357E-03 0.01340 
   88   88    1    1     1     1     1    1    1    1  1.89825E-03 0.01468 
   89   89    1    1     1     1     1    1    1    1  3.21891E-03 0.01187 
   90   90    1    1     1     1     1    1    1    1  5.00163E-03 0.00895 
   91   91    1    1     1     1     1    1    1    1  3.84618E-03 0.01054 
   92   92    1    1     1     1     1    1    1    1  5.03576E-03 0.00941 
   93   93    1    1     1     1     1    1    1    1  2.74151E-03 0.01158 
   94   94    1    1     1     1     1    1    1    1  2.69331E-03 0.01209 
   95   95    1    1     1     1     1    1    1    1  2.89044E-03 0.01288 
   96   96    1    1     1     1     1    1    1    1  2.83901E-03 0.01152 
   97   97    1    1     1     1     1    1    1    1  2.74364E-03 0.01201 
   98   98    1    1     1     1     1    1    1    1  1.98214E-03 0.01326 
   99   99    1    1     1     1     1    1    1    1  1.93979E-03 0.01586 
  100  100    1    1     1     1     1    1    1    1  3.70216E-03 0.01030 
  101  101    1    1     1     1     1    1    1    1  1.74968E-03 0.01608 
  102  102    1    1     1     1     1    1    1    1  1.90957E-03 0.01533 
  103  103    1    1     1     1     1    1    1    1  2.26511E-03 0.01300 
  104  104    1    1     1     1     1    1    1    1  5.61892E-03 0.00823 
