
DETflux_serpent = [
    1    1    1    1     1     1     1    1    1    1  5.72220E-05 0.00878 
    2    2    1    1     1     1     1    1    1    1  9.97266E-05 0.00963 
    3    3    1    1     1     1     1    1    1    1  1.37516E-04 0.00729 
    4    4    1    1     1     1     1    1    1    1  3.08390E-04 0.00635 
    5    5    1    1     1     1     1    1    1    1  7.13475E-04 0.00455 
    6    6    1    1     1     1     1    1    1    1  9.39577E-04 0.00406 
    7    7    1    1     1     1     1    1    1    1  1.14797E-03 0.00370 
    8    8    1    1     1     1     1    1    1    1  1.32421E-03 0.00355 
    9    9    1    1     1     1     1    1    1    1  1.48708E-03 0.00359 
   10   10    1    1     1     1     1    1    1    1  2.31519E-03 0.00297 
   11   11    1    1     1     1     1    1    1    1  2.91563E-03 0.00326 
   12   12    1    1     1     1     1    1    1    1  3.12461E-03 0.00262 
   13   13    1    1     1     1     1    1    1    1  3.70196E-03 0.00296 
   14   14    1    1     1     1     1    1    1    1  4.27254E-03 0.00285 
   15   15    1    1     1     1     1    1    1    1  1.29175E-03 0.00397 
   16   16    1    1     1     1     1    1    1    1  6.53864E-03 0.00250 
   17   17    1    1     1     1     1    1    1    1  2.18792E-03 0.00342 
   18   18    1    1     1     1     1    1    1    1  6.46429E-03 0.00248 
   19   19    1    1     1     1     1    1    1    1  7.90619E-03 0.00249 
   20   20    1    1     1     1     1    1    1    1  2.38121E-03 0.00365 
   21   21    1    1     1     1     1    1    1    1  7.56666E-03 0.00243 
   22   22    1    1     1     1     1    1    1    1  6.90325E-03 0.00251 
   23   23    1    1     1     1     1    1    1    1  2.87521E-03 0.00329 
   24   24    1    1     1     1     1    1    1    1  8.80909E-03 0.00270 
   25   25    1    1     1     1     1    1    1    1  6.68043E-03 0.00240 
   26   26    1    1     1     1     1    1    1    1  6.32483E-03 0.00270 
   27   27    1    1     1     1     1    1    1    1  3.36385E-03 0.00344 
   28   28    1    1     1     1     1    1    1    1  2.20905E-03 0.00381 
   29   29    1    1     1     1     1    1    1    1  7.91181E-04 0.00659 
   30   30    1    1     1     1     1    1    1    1  3.92470E-03 0.00301 
   31   31    1    1     1     1     1    1    1    1  4.48309E-03 0.00297 
   32   32    1    1     1     1     1    1    1    1  8.68302E-04 0.00617 
   33   33    1    1     1     1     1    1    1    1  2.87494E-03 0.00342 
   34   34    1    1     1     1     1    1    1    1  3.76945E-03 0.00375 
   35   35    1    1     1     1     1    1    1    1  9.45765E-04 0.00610 
   36   36    1    1     1     1     1    1    1    1  2.30870E-03 0.00458 
   37   37    1    1     1     1     1    1    1    1  4.03191E-03 0.00340 
   38   38    1    1     1     1     1    1    1    1  3.08605E-03 0.00385 
   39   39    1    1     1     1     1    1    1    1  2.47888E-03 0.00412 
   40   40    1    1     1     1     1    1    1    1  3.04510E-04 0.00933 
   41   41    1    1     1     1     1    1    1    1  1.76002E-03 0.00506 
   42   42    1    1     1     1     1    1    1    1  2.79753E-04 0.01195 
   43   43    1    1     1     1     1    1    1    1  1.32775E-03 0.00593 
   44   44    1    1     1     1     1    1    1    1  5.04803E-04 0.00765 
   45   45    1    1     1     1     1    1    1    1  4.90981E-04 0.00745 
   46   46    1    1     1     1     1    1    1    1  5.24109E-04 0.00844 
   47   47    1    1     1     1     1    1    1    1  3.31691E-04 0.01100 
   48   48    1    1     1     1     1    1    1    1  2.34571E-04 0.01224 
   49   49    1    1     1     1     1    1    1    1  5.45416E-04 0.00823 
   50   50    1    1     1     1     1    1    1    1  3.28754E-04 0.01019 
   51   51    1    1     1     1     1    1    1    1  2.18385E-04 0.01211 
   52   52    1    1     1     1     1    1    1    1  5.57777E-04 0.00755 
   53   53    1    1     1     1     1    1    1    1  5.36734E-04 0.00732 
   54   54    1    1     1     1     1    1    1    1  2.64353E-04 0.01090 
   55   55    1    1     1     1     1    1    1    1  3.05939E-04 0.01031 
   56   56    1    1     1     1     1    1    1    1  4.80838E-04 0.00877 
   57   57    1    1     1     1     1    1    1    1  3.82958E-04 0.00916 
   58   58    1    1     1     1     1    1    1    1  1.22197E-03 0.00543 
   59   59    1    1     1     1     1    1    1    1  1.17824E-03 0.00567 
   60   60    1    1     1     1     1    1    1    1  6.58117E-04 0.00706 
   61   61    1    1     1     1     1    1    1    1  5.56530E-04 0.00772 
   62   62    1    1     1     1     1    1    1    1  1.24266E-03 0.00633 
   63   63    1    1     1     1     1    1    1    1  4.73489E-04 0.00915 
   64   64    1    1     1     1     1    1    1    1  3.87586E-04 0.00964 
   65   65    1    1     1     1     1    1    1    1  1.35428E-03 0.00539 
   66   66    1    1     1     1     1    1    1    1  1.13211E-03 0.00590 
   67   67    1    1     1     1     1    1    1    1  1.13745E-03 0.00596 
   68   68    1    1     1     1     1    1    1    1  1.08746E-03 0.00625 
   69   69    1    1     1     1     1    1    1    1  1.10348E-03 0.00558 
   70   70    1    1     1     1     1    1    1    1  1.03930E-03 0.00622 
   71   71    1    1     1     1     1    1    1    1  8.69909E-04 0.00617 
   72   72    1    1     1     1     1    1    1    1  3.27582E-04 0.01024 
   73   73    1    1     1     1     1    1    1    1  2.34680E-03 0.00409 
   74   74    1    1     1     1     1    1    1    1  1.75762E-03 0.00430 
   75   75    1    1     1     1     1    1    1    1  4.43210E-04 0.00869 
   76   76    1    1     1     1     1    1    1    1  1.03086E-03 0.00641 
   77   77    1    1     1     1     1    1    1    1  3.97429E-04 0.00950 
   78   78    1    1     1     1     1    1    1    1  3.92797E-03 0.00318 
   79   79    1    1     1     1     1    1    1    1  5.43251E-04 0.00733 
   80   80    1    1     1     1     1    1    1    1  3.75095E-03 0.00360 
   81   81    1    1     1     1     1    1    1    1  7.18185E-04 0.00698 
   82   82    1    1     1     1     1    1    1    1  4.47754E-03 0.00288 
   83   83    1    1     1     1     1    1    1    1  1.28421E-03 0.00536 
   84   84    1    1     1     1     1    1    1    1  2.95469E-03 0.00382 
   85   85    1    1     1     1     1    1    1    1  2.59844E-03 0.00371 
   86   86    1    1     1     1     1    1    1    1  2.49337E-03 0.00418 
   87   87    1    1     1     1     1    1    1    1  2.27576E-03 0.00433 
   88   88    1    1     1     1     1    1    1    1  1.89409E-03 0.00453 
   89   89    1    1     1     1     1    1    1    1  3.21461E-03 0.00396 
   90   90    1    1     1     1     1    1    1    1  5.02314E-03 0.00312 
   91   91    1    1     1     1     1    1    1    1  3.93116E-03 0.00343 
   92   92    1    1     1     1     1    1    1    1  4.97474E-03 0.00281 
   93   93    1    1     1     1     1    1    1    1  2.78743E-03 0.00308 
   94   94    1    1     1     1     1    1    1    1  2.71282E-03 0.00345 
   95   95    1    1     1     1     1    1    1    1  2.80160E-03 0.00422 
   96   96    1    1     1     1     1    1    1    1  2.83189E-03 0.00398 
   97   97    1    1     1     1     1    1    1    1  2.73254E-03 0.00368 
   98   98    1    1     1     1     1    1    1    1  1.97710E-03 0.00354 
   99   99    1    1     1     1     1    1    1    1  1.93842E-03 0.00454 
  100  100    1    1     1     1     1    1    1    1  3.72719E-03 0.00327 
  101  101    1    1     1     1     1    1    1    1  1.75398E-03 0.00500 
  102  102    1    1     1     1     1    1    1    1  1.97392E-03 0.00413 
  103  103    1    1     1     1     1    1    1    1  2.24046E-03 0.00378 
  104  104    1    1     1     1     1    1    1    1  5.59667E-03 0.00264 
